T=500
n_grid=101
M=2
breaks=150,350
s_min=0.000000
s_max=1.000000
